,acc,precision,recall,f1_score,auc,specificity
logistic regression,0.966,0.960,1.000,0.980,0.958,0.800
SVM,0.897,1.000,0.875,0.933,0.933,1.000
XGBoost,0.897,0.957,0.917,0.936,0.842,0.800
RandomForest,0.897,1.000,0.875,0.933,0.967,1.000
Decision Tree,0.793,0.846,0.917,0.880,0.558,0.200
NB,0.828,0.828,1.000,0.906,0.500,0.000
KNN,0.931,1.000,0.917,0.957,0.933,1.000
ABC,0.862,1.000,0.833,0.909,0.958,1.000
Bagging,0.793,0.950,0.792,0.864,0.837,0.800
Voting ensemble,0.862,1.000,0.833,0.909,0.958,1.000
Stacking ensemble,0.862,1.000,0.833,0.909,0.950,1.000
